102 6
103 4
104 5
105 3
106 14
107 10
108 9
109 5
110 6
111 17
112 6
113 6
114 7
115 10
116 3
117 3
118 14
119 8
120 3
121 6
122 7
123 4
124 7
125 2
126 3
127 7
128 7
129 9
130 4
131 7
132 10
133 5
134 9
135 8
136 6
137 12
138 4
139 11
140 7
141 6
142 9
143 4
144 16
145 13
146 6
147 4
148 4
149 6
150 6
151 5
152 4
153 8
154 5
155 8
156 15
157 2
158 2
159 5
160 6
161 12
162 11
163 4
164 11
165 5
166 4
167 10
168 8
169 5
170 8
171 11
172 14
173 5
174 21
175 8
176 2
177 2
178 7
179 5
180 2
181 5
182 8
183 4
184 3
185 1
186 4
187 5
188 4
189 4
190 5
191 17
192 8
193 2
194 6
195 4
196 4
197 4
198 5
199 4
200 3
201 4
202 6
203 7
204 5
205 2
206 1
207 1
208 13
209 1
210 5
211 1
212 3
213 5
214 4
215 1
216 2
217 4
218 32
219 1
220 6
221 6
222 2
223 6
224 2
225 2
226 13
227 5
228 6
229 5
230 2
231 3
232 2
233 4
234 2
235 5
236 3
237 7
238 5
239 5
240 3
241 6
242 3
243 5
244 8
245 7
246 4
247 4
248 2
249 5
250 1
251 4
252 2
253 1
254 3
255 6
256 2
257 5
258 2
259 5
260 6
261 13
262 5
263 14
264 13
265 9
266 8
267 2
268 4
269 67
270 9
271 8
272 24
273 9
274 9
275 13
276 10
277 2
278 3
279 9
280 4
281 6
282 9
284 13
285 2
286 6
287 56
288 6
289 5
290 3
291 3
292 6
293 6
294 1
295 6
296 12
297 6
298 6
299 1
300 5
301 5
302 10
303 3
304 5
305 5
306 11
307 3
308 2
309 5
310 5
311 7
312 5
313 11
314 6
315 6
316 6
317 8
318 10
319 19
320 11
321 7
322 8
323 3
324 5
325 13
326 4
327 4
328 15
329 9
330 7
331 6
332 1
333 7
334 5
335 9
336 1
337 7
338 12
339 8
340 17
341 14
342 7
343 5
344 3
345 1
346 11
347 3
348 5
349 2
350 3
351 14
352 5
353 7
354 8
355 6
357 4
358 8
359 1
360 11
361 10
362 2
363 8
364 2
365 4
367 5
368 4
369 2
370 6
371 3
372 11
373 2
374 12
376 5
377 2
378 1
385 1
386 4
387 4
388 2
389 2
390 2
391 8
392 3
393 1
394 5
395 5
396 1
398 4
399 2
400 5
401 4
402 4
403 1
404 3
405 1
406 1
407 1
408 4
409 1
410 1
411 3
412 5
413 2
414 2
415 1
416 3
417 2
80 8
82 13
85 43
89 42
90 36
